10
12
16
6
5
9
14
10
4
11
11
10
8
12
7
8
13
3
15
3
10
2
10
3
4
5
10
3
4
10
3
2
6
15
11
4
15
5
8
3
3
8
9
5
6
7
4
8
7
4
13
7
9
3
10
7
13
8
8
5
9
5
5
1
4
10
9
8
15
1
6
2
13
8
4
12
4
6
6
14
8
16
5
11
7
10
11
12
3
12
12
7
4
10
8
10
6
5
5
10
6
10
10
5
12
9
2
4
3
8
9
8
6
10
8
8
9
13
10
6
8
6
5
6
3
13
9
11
3
15
5
12
9
7
9
4
8
2
14
7
2
11
4
6
8
6
6
10
11
3
10
9
10
7
2
9
8
4
8
6
5
3
10
8
10
9
9
2
4
6
5
5
11
9
6
6
13
9
4
6
5
4
12
11
10
7
6
6
10
9
8
15
14
6
4
10
3
6
6
7
1
14
6
2
7
8
5
10
9
4
7
8
10
8
5
10
7
9
4
10
10
0
11
6
4
12
7
12
1
2
9
7
4
4
10
6
6
6
17
5
9
8
4
17
10
15
5
7
5
9
7
13
7
5
7
8
3
4
16
3
4
8
14
5
7
7
10
7
4
9
13
4
16
9
6
7
7
1
1
13
16
7
9
4
8
16
8
12
2
5
5
11
8
9
2
8
11
7
6
16
16
6
5
2
14
2
8
11
5
5
8
7
7
17
9
9
6
11
6
4
