26
34
32
26
16
28
26
38
20
20
32
34
36
30
30
16
26
22
26
14
18
24
34
20
14
14
26
14
14
32
20
12
38
32
24
14
38
24
32
16
16
18
24
18
28
28
24
28
22
18
26
28
36
12
28
12
34
28
22
36
34
16
28
20
24
30
30
30
36
12
26
16
30
22
18
24
28
34
20
26
24
36
28
30
18
34
32
24
16
26
22
38
16
32
20
30
38
18
22
40
26
36
34
26
26
16
12
20
12
32
36
22
28
40
32
24
22
24
34
22
28
16
24
26
14
34
38
38
26
40
26
30
24
28
36
20
28
16
26
24
14
30
20
30
30
16
14
20
26
12
38
28
32
30
12
24
24
26
14
32
14
20
30
36
30
34
32
16
28
34
32
32
40
28
32
24
30
36
12
24
30
22
28
24
30
26
30
32
30
30
32
30
32
26
16
30
24
18
22
18
12
38
24
10
30
28
20
32
24
26
34
32
22
20
38
28
24
36
18
34
24
4
22
28
32
30
36
22
10
10
30
32
26
24
28
26
38
30
38
24
28
38
30
32
26
34
16
36
18
28
26
32
20
16
30
16
22
28
34
18
20
28
30
14
32
28
20
14
14
20
38
20
32
32
22
28
32
8
20
24
38
36
38
20
32
32
28
36
6
36
26
36
16
24
18
18
32
24
20
34
26
34
18
18
32
12
32
24
16
12
28
34
34
30
30
30
16
34
24
26
