19
14
19
11
8
24
14
12
7
14
16
6
8
28
12
7
16
6
18
10
8
7
13
6
6
5
19
7
9
14
9
8
10
22
16
8
28
9
9
7
6
10
20
9
10
7
9
11
8
7
21
12
21
16
9
14
14
11
6
11
13
6
11
5
11
19
15
5
22
3
8
10
12
12
14
13
9
12
16
11
9
12
10
16
11
16
17
12
3
18
20
9
3
10
9
15
14
9
10
11
11
14
11
14
14
11
9
9
6
10
15
15
9
10
10
10
10
13
16
8
16
14
10
10
9
14
5
8
4
21
10
12
18
14
10
10
14
6
15
4
13
18
11
6
15
7
2
12
16
4
11
14
20
10
3
11
11
6
13
13
14
5
8
15
10
11
14
5
8
11
9
10
15
10
13
8
10
9
7
14
10
12
19
11
13
10
10
10
15
8
9
23
15
6
3
11
5
6
12
13
5
23
8
6
11
13
8
7
14
11
13
9
15
16
12
14
6
13
9
17
14
4
17
13
7
10
14
25
8
7
8
9
13
11
13
9
8
7
22
10
8
10
17
21
13
19
13
11
13
11
8
21
12
6
10
8
5
11
15
10
10
14
23
11
11
8
15
10
9
14
22
8
14
14
5
9
20
6
8
24
26
11
9
3
13
12
18
10
11
10
11
20
18
16
8
8
15
10
5
21
24
11
10
5
23
15
9
12
7
11
14
12
17
24
10
16
10
11
7
10
