4
8
15
20
4
9
10
12
6
11
20
11
8
11
17
4
15
8
14
8
20
9
6
6
18
8
8
5
7
10
6
5
10
15
8
10
22
17
9
13
8
19
14
15
6
6
7
10
9
13
10
5
17
4
8
4
12
9
6
9
8
12
6
8
7
13
11
7
12
5
10
4
22
10
12
11
16
7
9
8
7
22
8
14
12
13
15
16
8
13
14
11
0
15
17
11
15
10
2
15
11
12
15
10
11
13
4
8
6
12
9
13
5
11
20
6
17
14
12
4
12
9
9
8
3
17
7
10
10
21
6
12
15
10
18
3
7
2
12
4
9
12
17
8
7
12
8
6
20
5
18
12
19
8
9
12
7
3
11
10
16
4
10
21
26
10
12
4
19
9
19
6
17
7
10
6
7
8
1
17
11
13
12
11
14
9
23
16
13
12
11
19
9
10
2
22
10
2
5
8
6
19
11
5
8
6
3
9
12
16
13
11
15
8
11
8
4
10
7
9
9
0
8
15
6
18
11
13
2
12
11
10
5
5
12
13
9
8
17
6
6
20
8
10
3
17
2
8
9
9
6
12
9
2
7
7
0
9
12
6
7
9
18
3
7
10
14
7
5
17
19
15
15
15
8
6
13
10
3
17
21
16
15
1
17
15
9
26
5
11
9
14
13
7
7
7
12
4
2
12
10
7
18
7
15
9
8
9
5
6
5
11
6
18
10
8
5
15
5
7
